690525
560019
560092
560012
560012
799046
500075
673601
151302
500075
517102
411033
151302
506004
560054
560001
305817
580007
580009
700091
500075
580009
700091
560001
580009
560064
247667
580031
700091
580031
441108
632059
572216
247667
395007
395007
247667
247667
801106
560064
602105
395007
243202
247667
243006
560019
800005
560064
600048
560066
570028
441108
211002
441108
211002
530003
411038
517541
411033
751024
151302
690525
110078
500075
500090
500075
466114
500075
500075
637215
500007
637215
637215
560107
637215
560004
560004
400018
602105
560004
600069
500007
690525
637504
636006
637504
636006
637504
110007
638060
638060
110007
560012
500043
560107
560064
500100
201009
603203
695016
603203
201009
603203
110007
603203
637215
690525
690525
637215
690525
690525
690525
690525
52240
522502
522240
522240
690546
500100
500007
160012
333031
603203
603203
603203
690525
110078
110078
603203
560068
160012
562112
637215
160012
603203
801106
603203
641112
603110
603110
160012
603110
641112
690525
641112
690525
690525
690525
690525
530045
441110
796012
560074
603203
603203
641112
603203
602105
690525
690546
522240
603203
690525
690525
690525
690525
690525
690525
695551
621105
621105
621105
613401
690525
613401
603203
303007
603203
621105
413001
621105
560059
560059
690525
690525
641004
690525
641004
560059
560059
600044
690525
500100
500100