160022
690525
560074
700135
630003
530003
641032
751024
751024
560074
5000090
751024
690525
110078
613401
603203
641004
641004
602105
690525
613401
641062
560074
603203
641062
400058
600063
110078
603203
600044
201301
562112
500089
700126
632014
641062
620015
500032
560064
600041
411052
603203
400058
603203
603203
632014
632014
603203
560107
603203
603203
20201
641062
600044
641112
641062
411044
613401
411044
560019
560092
600044
560012
560012
799046
500075
673601
151302
500075
517102
411033
151302
506004
560054
560001
305817
580007
395007
580009
700091
500075
580009
700091
560001
580009
560064
247667
580031
700091
580031
441108
632059
572216
247667
395007
247667
247667
801106
560064
602105
395007
243202
247667
243006
560019
800005
560064
600048
560066
570028
441108
211002
441108
211002
530003
411038
517541
411033
751024
151302
690525
110078
500075
500075
466114
500075
500075
637215
500007
637215
637215
560107
637215
560004
560004
400018
602105
560004
600069
500007
690525
637504
636006
637504
636006
637504
110007
638060
638060
110007
560012
500043
560107
560064
500100
201009
603203
695016
603203
201009
603203
110007
603203
603203
637215
690525
690525
637215
690525
690525
690525
690525
52240
522502
522240
522240
690546
500100
500007
160012
333031
603203
603203
690525
110078
110078
603203
560068
160012
562112
637215
160012
603203
801106
603203