20201
52240
500032
500043
500075
500007
500089
5000090
500100
506004
517102
517541
522240
522502
530003
560001
560004
560012
560019
560054
560064
560066
560068
560074
560092
560107
562112
570028
572216
580007
580009
580031
600041
600044
600048
600063
600069
602105
603203
613401
620015
630003
632014
632059
636006
637215
637504
638060
641004
641032
641062
641112
673601
690525
690546
695016
700091
700126
700135
751024
799046
800005
801106
110007
110078
151302
160012
160022
201009
201301
211002
243006
243202
247667
305817
333031
395007
400018
400058
411033
411038
411044
411052
441108
466114
500007
560064